0.266945       0.942961
0.885495       0.163335
0.462111       0.322581
0.509476       0.0279244
0.582415       0.0479446
0.388836       0.28019
0.984771       0.873226
0.286874       0.0524003
0.505325       0.0910367
0.421796       0.901608
0.338664       0.0206
0.627674       0.45085
0.739036       0.0285043
0.916318       0.829432
0.325114       0.739647
0.470382       0.817743
0.269753       0.593158
0.59978       0.103977
0.155278       0.400861
0.691733       0.558153
0.776696       0.0636921
0.686636       0.929807
0.67272       0.102481
0.110385       0.876125
0.667196       0.159551
0.194586       0.726249
0.201056       0.127384
0.11597       0.887997
0.73693       0.060152
0.886166       0.303598
0.0167852       0.525163
0.923002       0.860561
0.455       0.549516
0.834986       0.163549
0.44673       0.819178
0.449568       0.574389
0.874172       0.285836
0.617206       0.925169
0.590808       0.838618
0.821589       0.812189
0.165899       0.19602
0.128056       0.875546
0.669668       0.675405
0.501358       0.971953
0.780725       0.995117
0.0231025       0.645711
0.997314       0.766381
0.0417188       0.805353
0.23307       0.830897
0.784661       0.0112613
0.578845       0.100223
0.464949       0.281014
0.511795       0.0534989
0.413221       0.818384
0.333018       0.549577
0.266396       0.57268
0.114994       0.109806
0.74395       0.0342723
0.93997       0.327952
0.043733       0.172643
0.710501       0.563036
0.387921       0.923338
0.313791       0.571917
0.750694       0.129917
0.420637       0.237281
0.298715       0.347545
0.700339       0.0479446
0.575945       0.413617
0.73281       0.487014
0.963622       0.192633
0.39964       0.98468
0.447066       0.401105
0.0342723       0.591632
0.220191       0.918546
0.113804       0.0296335
0.159429       0.491379
0.772607       0.275002
0.697684       0.235359
0.919645       0.331675
0.130161       0.843348
0.240608       0.350017
0.883236       0.904111
0.866085       0.747581
0.776971       0.239051
0.986694       0.487991
0.813532       0.662465
0.197089       0.174383
0.521989       0.0720237
0.849757       0.113376
0.391064       0.275613
0.199286       0.00628681
0.420942       0.460555
0.619648       0.423231
0.325602       0.711936
0.674459       0.716819
0.41673       0.485824
0.322153       0.531602
0.700552       0.443861
0.0372936       0.565538
0.218604       0.555406
0.129093       0.739311
0.164342       0.873653
0.0382092       0.430525
0.805933       0.891476
0.893704       0.928312
0.747002       0.884091
0.11066       0.765038
0.556993       0.143925
0.310465       0.0811792
0.301279       0.51442
0.344096       0.679708
0.00323496       0.128941
0.700613       0.925901
0.569292       0.76101
0.0814539       0.149541
0.207831       0.692038
0.42204       0.7051
0.873836       0.503098
0.141911       0.34608
0.769768       0.696493
0.904599       0.0707114
0.434736       0.553758
0.668508       0.0940886
0.452651       0.136448
0.310099       0.10361
0.310465       0.835444
0.600696       0.453993
0.438734       0.375469
0.817682       0.4579
0.964293       0.68096
0.772179       0.428602
0.207709       0.509537
0.533738       0.630665
0.455794       0.259163
0.633503       0.795343
0.0407117       0.855525
0.027253       0.356395
0.257271       0.125675
0.599597       0.0631123
0.149113       0.564379
0.489944       0.126499
0.695273       0.898892
0.0225837       0.554582
0.428541       0.359447
0.521226       0.833949
0.0166631       0.0604572
0.789422       0.612842
0.837672       0.399731
0.538621       0.54268
0.0804468       0.881283
0.54442       0.933805
0.402264       0.268227
0.812769       0.382183
0.673849       0.472213
0.537034       0.0229499
0.843959       0.0851161
0.127537       0.567095
0.453902       0.959899
0.0944548       0.777612
0.834223       0.746147
0.0654317       0.541551
0.513779       0.787408
0.719382       0.193762
0.873318       0.285745
0.917417       0.248939
0.574206       0.140233
0.812433       0.198218
0.794061       0.365551
0.218268       0.526322
0.799921       0.496902
0.0200812       0.60564
0.890896       0.887478
0.906796       0.623859
0.240944       0.304788
0.207129       0.200476
0.673635       0.732109
0.11066       0.849544
0.899228       0.78103
0.0544145       0.94406
0.246529       0.621906
0.557085       0.338633
0.419752       0.838038
0.281533       0.306681
0.312082       0.109592
0.60741       0.94818
0.407178       0.134526
0.494339       0.72454
0.799921       0.691366
0.917692       0.276528
0.367199       0.251259
0.657735       0.181799
0.120792       0.0450758
0.723624       0.807978
0.272835       0.991699
0.193304       0.917692
0.0454421       0.393811
0.750847       0.182073
0.755974       0.807886
0.701987       0.25837
0.208502       0.993835
0.749901       0.588458
0.923704       0.351176
0.311594       0.574206
0.237342       0.748009
0.656636       0.286111
0.799707       0.148137
0.649648       0.361492
0.506088       0.944182
0.377178       0.248085
0.390759       0.401166
0.440962       0.449843
0.514512       0.11829
0.198126       0.930906
0.378033       0.914335
0.730247       0.333872
0.891812       0.0428175
0.821802       0.169073
0.433607       0.1442
0.729881       0.630451
0.0256355       0.8399
0.0262154       0.194861
0.161687       0.375591
0.292459       0.660726
0.31605       0.219611
0.950499       0.782495
0.665304       0.0223395
0.00848415       0.156987
0.0542619       0.843501
0.00469985       0.517899
0.737388       0.0531022
0.929106       0.094882
0.926664       0.812586
0.405347       0.193213
0.67745       0.5421
0.913572       0.65041
0.14359       0.280709
0.335276       0.326212
0.73281       0.344951
0.602069       0.281808
0.193518       0.192938
0.728935       0.804987
0.165105       0.899442
0.0133976       0.936827
0.221656       0.148717
0.682485       0.657277
0.941679       0.151219
0.76751       0.384503
0.0339671       0.390179
0.48909       0.945311
0.051912       0.604755
0.933134       0.672384
0.726218       0.915494
0.298868       0.784936
0.448744       0.498886
0.500595       0.708487
0.93759       0.716971
0.404157       0.490555
0.615009       0.107852
0.479354       0.968322
0.72982       0.144566
0.149724       0.844356
0.754814       0.166936
0.620716       0.326914
0.0910367       0.394086
0.467818       0.490982
0.610004       0.42317
0.765435       0.0159307
0.0647298       0.120365
0.0383312       0.457015
0.901608       0.311258
0.816401       0.705588
0.503494       0.175665
0.0740989       0.795587
0.3961       0.754357
0.336283       0.711661
0.448073       0.472915
0.730857       0.355724
0.596942       0.0897244
0.770257       0.327708
0.13123       0.973968
0.142491       0.677206
0.0609149       0.119663
0.293497       0.28193
0.606677       0.802911
0.0813013       0.00964385
0.33964       0.287179
0.284066       0.319254
0.00286874       0.48439
0.242897       0.457533
0.545732       0.976806
0.420362       0.908322
0.402142       0.306803
0.15659       0.249275
0.544511       0.940397
0.403821       0.0736106
0.344279       0.810663
0.720511       0.132115
0.770226       0.847865
0.306681       0.352428
0.95584       0.401776
0.361553       0.891415
0.667409       0.963073
0.544542       0.876888
0.703574       0.0896023
0.820948       0.9953
0.757561       0.944426
0.474013       0.580981
0.773858       0.350627
0.563921       0.364147
0.33018       0.770867
0.615436       0.53267
0.0761132       0.116367
0.815271       0.265175
0.759545       0.792535
0.500504       0.390759
0.872158       0.886959
0.219245       0.33195
0.445723       0.906491
0.144871       0.987152
0.029603       0.969176
0.124882       0.708853
0.381359       0.857631
0.145909       0.0336314
0.901364       0.839961
0.496017       0.320627
0.342875       0.664449
0.405347       0.954131
0.828974       0.63451
0.446608       0.267037
0.70687       0.169713
0.47676       0.841517
0.27192       0.759636
0.400647       0.342296
0.891598       0.716361
0.538469       0.539903
0.561357       0.632069
0.877621       0.679495
0.423322       0.948149
0.991058       0.851466
0.279031       0.541643
0.902402       0.520371
0.627766       0.735649
0.680013       0.868496
0.261238       0.639729
0.0405286       0.109653
0.946501       0.226753
0.743522       0.430525
0.227638       0.0523392
0.0583819       0.714652
0.878323       0.0227668
0.0849025       0.70632
0.0353099       0.118564
0.208319       0.769829
0.545732       0.478896
0.470534       0.900906
0.557543       0.753807
0.138707       0.146214
0.886227       0.130161
0.252235       0.0875271
0.187628       0.937925
0.429334       0.546159
0.468825       0.242256
0.71511       0.16483
0.968139       0.328745
0.751305       0.0225227
0.935453       0.487167
0.0501114       0.93878
0.344401       0.000244148
0.652364       0.623615
0.0671712       0.744072
0.951842       0.329661
0.543718       0.305734
0.967009       0.162328
0.475967       0.0250557
0.840968       0.704306
0.579119       0.866268
0.851558       0.110965
0.920682       0.525987
0.712058       0.332804
0.878323       0.683889
0.444472       0.620685
0.248756       0.802118
0.606189       0.970916
0.537614       0.379864
0.151402       0.665914
0.962615       0.0690939
0.70864       0.566759
0.20072       0.558061
0.555376       0.314005
0.410871       0.628559
0.0714438       0.0930204
0.562883       0.293161
0.951933       0.119816
0.604938       0.418989
0.96118       0.504044
0.499527       0.743889
0.509232       0.64507
0.660298       0.691519
0.831507       0.817652
0.820307       0.891476
0.0533464       0.103
0.863033       0.810694
0.920866       0.322306
0.647969       0.402631
0.478378       0.127903
0.361095       0.180151
0.475204       0.909268
0.422376       0.618274
0.781487       0.669576
0.48085       0.293619
0.595538       0.529313
0.529221       0.666311
0.723167       0.0129093
0.668386       0.91052
0.710623       0.775079
0.554003       0.700308
0.112369       0.922483
0.0558489       0.356731
0.674673       0.587848
0.161046       0.262551
0.716727       0.911863
0.653127       0.950621
0.489944       0.0897549
0.597308       0.772485
0.79754       0.638447
0.163945       0.553423
0.654439       0.540757
0.821162       0.139805
0.270089       0.422742
0.427503       0.24543
0.134465       0.420606
0.2566       0.502945
0.488815       0.893094
0.484664       0.126499
0.962554       0.636006
0.17188       0.0921354
0.657308       0.754997
0.26957       0.24192
0.4597       0.852535
0.683584       0.217963
0.863582       0.685842
0.925962       0.633229
0.0834071       0.951659
0.385388       0.384411
0.740165       0.354289
0.748497       0.513962
0.900204       0.612934
0.60213       0.527146
0.749413       0.564898
0.749321       0.570391
0.683126       0.0207831
0.268593       0.377026
0.0933866       0.527665
0.849361       0.387341
0.634693       0.696829
0.433424       0.94818
0.249367       0.252388
0.694784       0.999115
0.734336       0.456618
0.388165       0.15128
0.129643       0.0684835
0.0983306       0.564928
0.711081       0.491867
0.420911       0.531968
0.86697       0.269234
0.105869       0.170049
0.641346       0.57741
0.195532       0.134037
0.224433       0.881497
0.687643       0.751396
0.171392       0.403211
0.755303       0.487716
0.631001       0.560106
0.0546892       0.14832
0.365184       0.0314646
0.151952       0.722922
0.841212       0.607624
0.600421       0.278481
0.176794       0.478622
0.699545       0.807703
0.220679       0.118595
0.466781       0.43849
0.548418       0.422285
0.853389       0.911283
0.656178       0.249275
0.735862       0.72982
0.132603       0.0333872
0.713889       0.892483
0.09064       0.61211
0.246193       0.609516
0.640309       0.933317
0.155553       0.913083
0.683584       0.79519
0.0341807       0.565996
0.813257       0.275521
0.580828       0.175817
0.595965       0.00680563
0.400555       0.919858
0.0217292       0.953124
0.29899       0.788049
0.400525       0.845241
0.601672       0.749596
0.487289       0.930479
0.530137       0.749687
0.116947       0.192816
0.16599       0.942442
0.130222       0.70043
0.0339671       0.0666219
0.871944       0.235847
0.835505       0.370098
0.0424512       0.866298
0.363842       0.989196
0.184423       0.608966
0.132084       0.189611
0.585009       0.848903
0.745537       0.374981
0.875729       0.664663
0.548997       0.26899
0.11066       0.71865
0.581225       0.177679
0.604602       0.867946
0.367046       0.738182
0.311808       0.152379
0.578448       0.0599078
0.0275887       0.315653
0.0963469       0.664693
0.192877       0.515732
0.503891       0.131748
0.584033       0.381268
0.542497       0.854427
0.668142       0.0697958
0.562365       0.813959
0.906217       0.484176
0.497971       0.77752
0.784295       0.303415
0.400647       0.826167
0.854671       0.984375
0.0586261       0.619068
0.568072       0.390088
0.736534       0.300333
0.178106       0.201849
0.565081       0.454848
0.49913       0.770074
0.612568       0.0188604
0.798883       0.561357
0.169103       0.552232
0.607349       0.857326
0.275094       0.778008
0.722739       0.86166
0.0250252       0.795923
0.195837       0.871639
0.67806       0.876064
0.574389       0.670278
0.106174       0.238624
0.18833       0.795618
0.611927       0.726615
0.757378       0.842921
0.646199       0.776971
0.101993       0.456648
0.457686       0.597034
0.239357       0.167974
0.205542       0.952269
0.645039       0.734123
0.565661       0.471511
0.962249       0.136204
0.362865       0.876217
0.93936       0.891263
0.259407       0.0394299
0.877346       0.835108
0.0314341       0.281686
0.368145       0.032197
0.464675       0.808741
0.605457       0.968535
0.400464       0.698721
0.048677       0.684133
0.963347       0.344035
0.72219       0.0011597
0.501633       0.754936
0.92993       0.504196
0.272164       0.630055
0.667959       0.428175
0.400372       0.601611
0.51503       0.111545
0.146916       0.559801
0.283212       0.16953
0.01236       0.464339
0.209296       0.044496
0.711051       0.547929
0.968657       0.0897244
0.544969       0.318888
0.29252       0.842402
0.209815       0.268929
0.470199       0.642293
0.563494       0.691916
0.516892       0.252693
0.389019       0.520493
0.289315       0.63918
0.68273       0.586627
0.329417       0.563066
0.499008       0.211768
0.718131       0.145451
0.883267       0.533891
0.719871       0.0583209
0.923551       0.476638
0.499588       0.498764
0.453017       0.767724
0.693167       0.602588
0.433699       0.911985
0.112552       0.453841
0.553484       0.526139
0.367138       0.34611
0.0668355       0.940947
0.682058       0.452071
0.411298       0.477035
0.695242       0.557543
0.630421       0.301279
0.514328       0.0160527
0.134495       0.268868
0.814173       0.580767
0.830927       0.65862
0.257088       0.269082
0.154057       0.206488
0.016419       0.917112
0.0278329       0.344707
0.684683       0.579638
0.290201       0.0518204
0.348094       0.432142
0.612506       0.220679
0.108097       0.331004
0.4438       0.949858
0.831507       0.688009
0.0120243       0.665456
0.410291       0.815821
0.912931       0.479141
0.312723       0.400159
0.318155       0.688803
0.70629       0.25544
0.333995       0.827876
0.934477       0.0195624
0.541276       0.169897
0.628224       0.944731
0.248512       0.0944243
0.233467       0.439772
0.489181       0.220344
0.235725       0.521287
0.294137       0.713279
0.86343       0.82873
0.271096       0.672689
0.550859       0.360302
0.0213935       0.00573748
0.942381       0.586047
0.426557       0.693442
0.718467       0.0938139
0.334819       0.855739
0.025605       0.424909
0.679342       0.521622
0.79107       0.255379
0.559496       0.510605
0.703177       0.57915
0.316202       0.331828
0.139348       0.0495621
0.132481       0.506851
0.822504       0.135197
0.191046       0.222663
0.487045       0.246529
0.919248       0.720969
0.336161       0.489303
0.353618       0.329997
0.571215       0.201453
0.15479       0.545213
0.77456       0.929289
0.303568       0.065096
0.427381       0.999207
0.0104984       0.188299
0.343364       0.341777
0.869259       0.478133
0.299692       0.723685
0.785272       0.101291
0.646474       0.0442518
0.71157       0.74633
0.176061       0.852626
0.721854       0.528428
0.0333872       0.741966
0.453108       0.787194
0.948393       0.776849
0.4485       0.182653
0.5721       0.610004
0.431867       0.996948
0.197546       0.444929
0.0451674       0.0466933
0.646535       0.50032
0.0801416       0.113681
0.603748       0.132756
0.73513       0.298654
0.179357       0.273843
0.928648       0.205756
0.981536       0.338023
0.201025       0.362896
0.479629       0.257393
0.235023       0.784967
0.940092       0.799707
0.526719       0.0857265
0.715384       0.82577
0.238227       0.0448317
0.168218       0.642659
0.763359       0.036256
0.0112918       0.108768
0.0371105       0.224036
0.344646       0.647176
0.120945       0.932188
0.171392       0.823298
0.0943937       0.0944243
0.673177       0.643422
0.784722       0.190466
0.0266732       0.230171
0.365612       0.574572
0.0426038       0.0310068
0.356487       0.60329
0.407788       0.216468
0.0530107       0.46791
0.812311       0.423658
0.92114       0.138646
0.742637       0.502335
0.984497       0.326029
0.221961       0.4185
0.737968       0.866329
0.279061       0.973052
0.617359       0.436964
0.426984       0.490707
0.557146       0.00842311
0.932615       0.136082
0.66744       0.938505
0.158574       0.0130619
0.561083       0.115452
0.758934       0.703238
0.362804       0.0563982
0.00894192       0.400525
0.930845       0.366832
0.0516984       0.297403
0.322886       0.467788
0.341319       0.379589
0.0375378       0.996857
0.0651265       0.284921
0.0621662       0.7893
0.825312       0.383038
0.258797       0.845393
0.361675       0.732292
0.119175       0.190405
0.59685       0.069277
0.420087       0.0336009
0.784661       0.488479
0.810419       0.13184
0.0435499       0.967009
0.861141       0.765007
0.0559099       0.391766
0.609241       0.228614
0.214728       0.244606
0.127384       0.250801
0.998596       0.601917
0.149785       0.238533
0.856624       0.604907
0.286416       0.761101
0.384503       0.0570391
0.855922       0.175329
0.0724509       0.304453
0.869259       0.800409
0.407117       0.0557878
0.194891       0.547044
0.607776       0.298166
0.436811       0.408551
0.779046       0.964354
0.556658       0.719199
0.760399       0.508896
0.771386       0.586383
0.454634       0.0483108
0.757469       0.40315
0.915738       0.221931
0.692953       0.846675
0.977874       0.429975
0.168828       0.269478
0.706778       0.604511
0.500626       0.889706
0.454665       0.170141
0.471572       0.685995
0.799524       0.350291
0.0390027       0.404187
0.150884       0.475326
0.0345164       0.581256
0.302774       0.449049
0.389721       0.993164
0.714835       0.0296335
0.918577       0.432783
0.803644       0.0810572
0.187658       0.224372
0.024781       0.451888
0.505539       0.380291
0.0273751       0.636738
0.562517       0.806604
0.661916       0.877651
0.752037       0.464003
0.122898       0.860988
0.7051       0.88992
0.00772118       0.666189
0.068453       0.987976
0.572588       0.122959
0.0587786       0.491806
0.966887       0.232612
0.82284       0.00830103
0.727622       0.81048
0.13599       0.0478225
0.314615       0.00485244
0.46971       0.946501
0.968139       0.849574
0.959441       0.087466
0.669759       0.505661
0.304086       0.327586
0.488357       0.348949
0.128605       0.0347911
0.0919523       0.559618
0.840388       0.643666
0.706778       0.369701
0.511277       0.134342
0.304758       0.625324
0.816218       0.341929
0.301187       0.819605
0.559709       0.501846
0.542924       0.252235
0.821406       0.938078
0.869076       0.472793
0.252205       0.300027
0.0252388       0.662862
0.551836       0.254555
0.212531       0.114322
0.659505       0.0393994
0.0522782       0.459578
0.688406       0.783959
0.248543       0.809656
0.136082       0.00405896
0.728751       0.456984
0.400891       0.177007
0.544176       0.299051
0.136753       0.802454
0.311472       0.6386
0.476852       0.856258
0.476577       0.51738
0.657857       0.0430311
0.18186       0.239113
0.0755638       0.75396
0.0183111       0.23838
0.303781       0.13535
0.443587       0.951323
0.106906       0.175634
0.147404       0.844417
0.978423       0.215461
0.145329       0.258126
0.235328       0.788263
0.882565       0.220801
0.201361       0.196966
0.12833       0.889798
0.508591       0.733482
0.943236       0.775536
0.0496536       0.946745
0.49913       0.405591
0.611866       0.866024
0.0348521       0.583666
0.723869       0.585589
0.727103       0.901212
0.746574       0.116825
0.759056       0.65688
0.739616       0.914274
0.36726       0.840541
0.13419       0.981536
0.148595       0.338054
0.744072       0.963988
0.407849       0.0128178
0.14536       0.133488
0.827845       0.820795
0.957213       0.672414
0.242958       0.614673
0.05356       0.162297
0.797571       0.79397
0.238319       0.684317
0.270241       0.456984
0.414228       0.436903
0.845424       0.211097
0.777398       0.277444
0.113529       0.297189
0.068453       0.093997
0.580889       0.185156
0.411512       0.413282
0.470534       0.296091
0.772179       0.15125
0.0955229       0.00784326
0.56621       0.912717
0.585467       0.599994
0.449721       0.745598
0.248085       0.294321
0.822016       0.756981
0.34669       0.0476394
0.0730003       0.496445
0.574755       0.25248
0.105655       0.513352
0.00936918       0.00238044
0.165319       0.99414
0.824152       0.0778222
0.506729       0.885952
0.543229       0.309183
0.930296       0.413007
0.117588       0.472732
0.718802       0.391522
0.605029       0.376446
0.00564592       0.249916
0.734336       0.291055
0.106052       0.160222
0.136357       0.383343
0.842341       0.187262
0.5215       0.307657
0.394604       0.861385
0.586291       0.611682
0.708243       0.0814844
0.929411       0.11301
0.988952       0.754295
0.758934       0.90289
0.317209       0.0761742
0.671712       0.132633
0.913205       0.86401
0.286203       0.240181
0.0829188       0.840571
0.0104373       0.771722
0.377789       0.282052
0.725455       0.45558
0.997833       0.932524
0.666372       0.684469
0.970641       0.592364
0.281991       0.0617389
0.136876       0.287027
0.353954       0.168859
0.473586       0.421888
0.156987       0.209296
0.786737       0.829554
0.941618       0.686087
0.303964       0.116459
0.519944       0.768639
0.199408       0.214057
0.236824       0.505081
0.580828       0.541612
0.106357       0.537004
0.971374       0.686483
0.396344       0.471969
0.81637       0.00824
0.440535       0.570666
0.0471816       0.0729087
0.961333       0.904782
0.232459       0.323527
0.683004       0.641743
0.348827       0.893063
0.517441       0.612812
0.701926       0.966582
0.103336       0.820368
0.0291147       0.598193
0.980132       0.0412
0.315012       0.389355
0.177831       0.181616
0.351054       0.934812
0.504624       0.540605
0.570788       0.442305
0.312113       0.637715
0.191382       0.432569
0.0212409       0.761467
0.193487       0.925291
0.188665       0.894833
0.169744       0.0178838
0.39552       0.173742
0.574084       0.263222
0.739738       0.535295
0.402417       0.752007
0.213202       0.711417
0.836482       0.306955
0.744804       0.224616
0.881344       0.694296
0.190649       0.541948
0.529008       0.259041
0.0532243       0.0433363
0.47792       0.890622
0.209815       0.960845
0.940947       0.724479
0.432142       0.944365
0.572039       0.486587
0.978454       0.411176
0.043733       0.886532
0.0387585       0.334605
0.305857       0.965789
0.315287       0.628254
0.0574969       0.807398
0.518357       0.782434
0.462844       0.513077
0.0601825       0.908872
0.642476       0.854244
0.726676       0.849422
0.971496       0.502976
